999 8.8 5
999 4.5 5.1
999 6.3 6.3
999 4.7 9
999 5.1 9
8.4 4 9.3
999 6.1 999
8.4 3.7 10.7
6.9 6.8 6.2
8.6 6.3 999
999 5.1 8.1
999 7.4 8.2
999 6.1 6.2
999 6.1 10.4
999 5.1 7.6
999 6.3 8.3
999 3.7 9.6
12.9 3.5 11.4
999 5.7 999
999 5.1 999
999 4.7 7.4
999 4.9 8.1
11.2 7 9.3
999 6.5 11.2
999 4.9 9.1
6.1 5.1 7.2
12 5.7 12.3
999 6.3 3.4
9.3 3.8 8.7
999 5.9 7
9 5.9 8.4
9.2 6.9 8.4
999 7.2 7.3
10.7 5.1 9
12.4 5.3 10.4
999 5.1 999
999 6.1 999
999 7.6 7.2
9.9 7.6 8.4
999 5.7 7.4
999 4.9 999
8.9 999 9.4
999 4.7 9.7
9.3 4.5 8.8
8.8 4.2 999
10.9 4.1 8.8
9.2 5.5 8.7
10.1 4 8.9
7.8 6.1 8.1
9.9 4.1 10.2
999 6.3 999
999 7.6 5.4
8.8 4.3 10.1
999 4.3 999
999 4.7 8.5
999 6.1 8.7
999 4.5 8.4
999 4.5 7.3
999 4.7 7.7
999 6.1 8.6
999 7 6.4
999 5.7 10.2
999 6.1 8.8
999 3.5 10.9
999 3.8 10.4
999 5.5 7.9
9.7 5.1 999
999 4.7 8
999 5.5 7.5
999 3.5 10.4
999 3.5 999
999 5.3 8.8
999 6.1 5.4
999 4.7 8.1
